0.597104
-0.5208453
-0.7199981
-0.6993268
-0.2672483
-0.4844256
-0.5847127
-0.7457145
-0.7082543
-0.5876635
-0.6854792
-0.6469948
-0.7222846
-0.7714785
-0.4413205
-0.6535781
-0.724596
-0.6476831
-0.7587223
-0.6703647
-0.7302262
-0.7121406
-0.661711
-0.6295615
-0.724672
-0.7280872
-0.7414126
-0.7298992
-0.7309887
-0.7296862
-0.7216382
-0.7115538
-0.7400003
-0.6445466
-0.6766077
-0.7932683
-0.7182435
-0.72904
-0.7297769
-0.5569071
-0.7470997
-0.7266971
-0.779152
-0.7328041
-0.6152378
-0.6666886
-0.7154648
-0.6143801
-0.637831
-0.4561641
-0.7274088
-0.7780496
-0.7290674
-0.3927707
-0.5905069
-0.7422997
-0.6683986
-0.7477791
-0.6325995
-0.7585307
-0.7207925
-0.6644553
-0.6096122
-0.7276171
-0.7457145
-0.7280527
-0.7486002
-0.6979703
-0.7399266
-0.6961115
-0.7081538
-0.6698077
-0.6401196
-0.6319836
-0.7355549
-0.526564
-0.1625714
-0.3815973
-0.6927705
-0.7024239
-0.7280638
-0.7371434
-0.3657131
-0.710968
-0.5665066
-0.7076229
-0.7293746
-0.7590363
-0.6714118
-0.7351769
-0.5584774
-0.7301586
-0.545887
-0.7261924
-0.6908287
-0.7213933
-0.7466156
-0.762225
-0.7361889
-0.7254424
-0.7302848
-0.7114268
-0.7457145
-0.5581816
-0.3605837
-0.5322758
-0.6057516
-0.7259961
-0.5258868
-0.7552584
-0.684111
-0.7226365
-0.5621782
-0.6319845
-0.6197319
-0.7492328
-0.7131419
-0.4528606
-0.7125508
-0.7280324
-0.6316915
-0.727513
-0.1213253
-0.5449782
-0.3635336
-0.7287687
-0.6199138
-0.6846219
-0.7879185
-0.6945232
-0.6095395
-0.5714257
-0.6808372
-0.5156471
-0.729322
-0.7228465
-0.5711557
-0.6676887
-0.05903997
-0.624383
-0.6660423
-0.7430928
-0.5126401
-0.6923628
-0.7306764
-0.4530098
-0.7335337
-0.6920624
-0.6344984
-0.5555068
-0.7291418
-0.7398726
-0.7181826
-0.7326568
-0.6639752
-0.4788316
-0.3158178
-0.4653892
-0.5620919
-0.4799797
-0.6773489
-0.7213086
-0.6759188
-0.7289371
-0.7456562
-0.7052167
-0.6523237
-0.2587082
-0.567346
-0.575801
-0.6493267
-0.6987109
-0.6700194
-0.7687428
-0.6884864
-0.6985256
-0.7189036
-0.6746776
-0.6613102
-0.632943
-0.7268561
-0.5032546
-0.6669008
-0.7200885
-0.7182004
-0.6446235
-0.6964523
-0.7373217
-0.7083172
-0.7077887
-0.6758222
-0.4266061
-0.7249852
-0.7209972
-0.4794855
-0.7288562
0.06369456
-0.6672078
-0.7618827
-0.6614535
-0.684763
-0.7440748
-0.6412458
-0.7502086
-0.6181999
-0.7391428
-0.3910843
-0.6839793
-0.7296841
-0.7527668
-0.8188608
-0.7098897
-0.7266674
-0.7170826
-0.541958
-0.7472177
-0.7244037
-0.69115
-0.7470694
-0.7038674
-0.6871418
-0.6983243
-0.7276171
-0.6378942
-0.7181002
-0.727513
-0.6420692
-0.637049
-0.6604254
-0.661456
-0.6233367
-0.6490785
-0.6376759
-0.7581961
-0.7223952
0.0370925
-0.729428
-0.6607666
-0.5541402
-0.7155913
-0.702492
-0.6774688
-0.4374541
-0.7291341
-0.6612709
-0.6988862
-0.7207801
-0.6989244
-0.7527169
-0.7433174
-0.5928141
-0.7301586
-0.7375783
-0.7521516
-0.7323797
-0.7305349
-0.6635761
-0.7062011
-0.4950007
-0.7306799
-0.7276171
-0.6529996
-0.7255203
-0.7262624
-0.7018688
-0.7692134
-0.7575834
-0.6781173
-0.7313792
-0.4935158
-0.6937646
-0.5672591
-0.691428
-0.4935299
-0.7357147
-0.6221004
-0.727452
-0.6768056
-0.6979566
-0.7302848
-0.4210172
-0.3392301
0.1356186
-0.6595207
-0.7238764
-0.6440157
-0.7824371
-0.6138563
-0.7466989
-0.6560438
-0.5261503
-0.703999
-0.5903556
-0.6678877
-0.6470277
-0.7251821
-0.7209813
-0.7291185
-0.6951132
-0.7185714
-0.2668595
-0.7530383
-0.5947618
-0.6793929
-0.5853966
-0.7164023
-0.7394033
-0.731402
-0.4529142
-0.6412494
-0.7221845
-0.7228572
-0.6370366
-0.6414698
-0.7490296
-0.7031134
-0.4745088
-0.5891624
-0.7257132
-0.7179747
-0.5551884
-0.5517389
-0.7161253
-0.7173219
-0.6890143
-0.7202855
-0.6895677
-0.7390482
-0.7042095
-0.6717516
-0.7169162
-0.6347242
-0.7184265
-0.7279076
-0.718715
-0.6666567
-0.7408341
-0.6482134
-0.7460991
-0.7245703
-0.637131
-0.7242144
-0.7335908
-0.391324
-0.7248933
-0.7038972
-0.7253212
-0.1258916
-0.539608
-0.7285717
-0.8023269
-0.712045
0.01881107
-0.6070526
-0.7229398
-0.7317132
-0.7254277
-0.7584798
-0.6567207
-0.1407151
-0.5917451
-0.7457145
-0.5973499
-0.7340354
-0.7526972
-0.7303578
-0.6923669
-0.2671961
-0.6546736
-0.6613179
-0.6206448
-0.7078762
-0.7509161
-0.6978712
-0.7130617
-0.6819775
-0.6926175
-0.7531987
-0.6725515
-0.5520802
-0.7286348
-0.6818959
-0.7313802
-0.7025228
-0.6763206
-0.7163294
-0.7264329
-0.5879349
-0.7375737
-0.7390482
-0.6290081
-0.6668091
-0.6985691
-0.7630716
-0.5984778
-0.667688
-0.6394783
-0.697961
-0.6131963
-0.7103305
-0.6536722
-0.7391809
-0.565899
-0.6301425
-0.6590493
-0.7431788
-0.6857166
-0.7357147
-0.6997984
-0.7360255
-0.6598265
-0.7023787
-0.6207366
-0.6835733
-0.7247016
-0.7179636
-0.7071411
-0.7314525
-0.6730862
-0.6919047
-0.4010191
-0.7172413
-0.6509843
-0.7259816
-0.3256552
-0.5539613
-0.5062236
-0.6203544
-0.7276171
-0.7713677
-0.7744557
-0.6662849
-0.05035697
-0.5892317
-0.7487093
0.1498567
-0.6912897
-0.5357214
-0.6324031
-0.7854192
-0.6825116
-0.7289555
-0.638151
-0.705857
-0.7389166
-0.6566047
-0.7534718
-0.6897287
-0.7140352
-0.6678462
-0.8021422
-0.6895833
-0.7017763
-0.7300003
-0.7260996
-0.6854463
-0.6517386
-0.7302848
-0.6034036
-0.6424469
-0.7167606
-0.6145031
-0.656029
-0.6992215
-0.6347549
-0.7050259
-0.7070732
-0.6346675
-0.7340354
-0.6372558
-0.7425296
-0.5035097
-0.7292656
-0.7505378
-0.5697508
-0.7489233
-0.6465197
-0.6852019
-0.5069642
-0.6670679
-0.7357147
-0.6527899
-0.6860462
-0.7180163
-0.7245616
-0.5779908
-0.6855032
-0.6523633
-0.5623047
-0.6765066
-0.7590528
-0.7442359
-0.719904
-0.779106
-0.3575639
-0.6410712
-0.7175761
-0.7371433
-0.7573662
-0.7326788
-0.7388347
-0.7563008
-0.7056872
-0.7460233
-0.7392076
-0.724727
-0.770339
-0.4197844
-0.7314289
-0.7648453
-0.7584969
-0.654885
-0.6022444
-0.6940268
-0.7031265
-0.6367186
-0.7180943
-0.2914519
-0.1589611
-0.6572011
-0.6449208
-0.48914
-0.7058112
-0.6503307
-0.618881
-0.7585036
-0.5760147
-0.6864773
-0.8166338
-0.6682031
-0.3276115
-0.6144632
-0.6608347
-0.6892893
-0.6657577
-0.7352124
-0.7809707
-0.5112786
-0.7239259
-0.7314525
-0.7129137
-0.7203074
-0.6771415
-0.6604208
-0.7375783
-0.7131419
-0.723655
-0.6676884
-0.715173
-0.7828255
-0.3405828
-0.6228143
-0.6882476
-0.723482
-0.5284932
-0.7492412
-0.6951022
-0.6229782
-0.7833444
-0.6731889
-0.6647656
-0.5072017
-0.7181755
-0.8114424
-0.7203053
-0.7390482
-0.464762
-0.6822203
-0.7251559
-0.7331302
-0.7391273
-0.7354743
-0.7365276
-0.6734872
-0.6926627
-0.7184616
-0.7309362
-0.4668374
-0.5053167
-0.7249852
-0.4682322
-0.6075762
-0.712078
-0.6710754
-0.7038407
-0.721856
-0.4136511
-0.4528644
-0.698875
-0.8060072
-0.5256608
-0.7325009
-0.7670407
-0.6827861
-0.8103068
-0.7271097
-0.550222
-0.6593776
-0.7528553
-0.7579505
-0.3214816
-0.6361814
-0.4345137
-0.2587998
-0.6935726
-0.5583259
-0.6190466
-0.7071053
-0.7208136
-0.6567104
-0.5295449
-0.8204002
-0.5943767
-0.7331058
-0.142143
-0.7170713
-0.6955633
-0.7372262
-0.615193
-0.7361442
-0.737857
-0.7851356
-0.7262954
-0.4918731
-0.5314826
-0.6831639
-0.761454
0.03582177
-0.6759329
-0.738277
-0.736505
-0.7254439
-0.55577
-0.6338788
-0.6757146
-0.728926
-0.525134
-0.5401677
-0.6544265
-0.7255096
-0.6326839
-0.711199
-0.6587073
-0.7241277
-0.5971101
-0.7365276
-0.6707649
-0.5082596
-0.6620029
-0.5782241
-0.7071443
-0.6820065
-0.6905582
-0.7774113
-0.7242668
-0.6986822
-0.7204507
-0.4087795
-0.5588955
-0.2744289
-0.6894558
-0.5659296
-0.6900545
-0.6168661
-0.7058795
-0.7032839
-0.1280151
-0.6774067
-0.7400003
-0.7155032
-0.5691074
-0.6893363
-0.6960037
-0.7397968
-0.6923944
-0.4207797
-0.7314525
-0.498571
-0.6933637
-0.7260553
-0.6901566
-0.6158432
-0.7302848
-0.4984316
-0.6532455
-0.6426312
-0.7224547
-0.5729698
-0.7231913
-0.641702
-0.5646062
-0.7177584
-0.6605808
-0.5755326
-0.7195518
-0.5157294
-0.718682
-0.7039874
-0.6519291
-0.5757089
-0.755594
-0.603421
-0.5315822
-0.6830578
-0.7358617
-0.755899
-0.569117
-0.7311343
-0.6908394
-0.387136
-0.4662847
-0.4336345
-0.5554357
-0.5735675
-0.6457852
-0.6664202
-0.7127336
-0.6179575
-0.5905061
-0.6252812
-0.7352387
-0.4875123
-0.6965794
-0.6804022
-0.6444407
-0.6898065
-0.7252862
-0.7077023
-0.7501926
-0.7330217
-0.6724774
-0.6286653
-0.7941428
-0.4316984
-0.503029
-0.7328138
-0.7284184
-0.6229358
-0.6163248
-0.6842859
-0.7181811
-0.4617933
-0.7482995
-0.516088
-0.7128552
-0.3832831
-0.2977147
-0.5760407
-0.701987
-0.6814541
-0.5034518
-0.5442105
-0.7088738
-0.6571411
-0.7521516
-0.4940279
-0.5070369
-0.5349903
-0.7636219
-0.7503467
-0.6778829
-0.6611755
-0.5723307
-0.4528016
-0.4741561
-0.7171046
-0.657858
-0.4423313
-0.6865896
-0.7485718
-0.6718819
-0.4641163
-0.6119112
-0.7050886
-0.6993297
-0.6564016
-0.701672
0.1878328
-0.6104995
-0.5047263
-0.6834762
-0.5269043
-0.7401484
-0.691988
-0.7301108
-0.7029961
-0.7216424
-0.7158406
-0.6692855
-0.6830603
-0.6867609
-0.7862513
-0.6861832
-0.7171192
-0.7342861
-0.7007272
-0.7414391
-0.7377056
-0.6086351
-0.5491269
-0.6147642
-0.6609507
-0.7019416
-0.6757128
-0.3961915
-0.4160627
-0.4571519
-0.727452
-0.7012477
-0.7384097
-0.685746
-0.7253361
-0.6258113
-0.746337
-0.7017086
-0.424659
-0.4463013
-0.6997324
-0.7353532
-0.6909324
-0.7196457
-0.6621636
-0.6100211
-0.3442949
-0.6856248
-0.7677611
-0.6781416
-0.7473097
-0.64632
-0.3191512
-0.7292656
-0.7043951
-0.7130639
-0.5312228
-0.7428949
-0.6366851
-0.6812115
-0.5703168
-0.5497102
-0.5804362
-0.5928217
-0.6403569
-0.584563
-0.6585466
-0.700954
-0.7298992
-0.451178
-0.5309083
-0.2365323
-0.5531145
-0.7329199
-0.7724674
-0.7366798
-0.5343117
-0.6931877
-0.6408856
-0.7359919
-0.7123371
-0.6802729
-0.6963007
-0.7253214
-0.7764296
-0.6457739
-0.652126
-0.7329034
-0.6628578
-0.588
-0.7314389
-0.7216425
-0.493466
-0.7215933
-0.504935
-0.7187003
-0.6961119
-0.5810342
-0.6840053
-0.7313792
-0.6501887
-0.6283525
-0.7596786
-0.641696
-0.7330036
-0.684146
-0.6351479
-0.7276171
-0.6602564
-0.6925338
-0.6966816
-0.463779
-0.6799787
-0.7072419
-0.6637049
-0.6983126
-0.2331031
-0.7760007
-0.6667278
-0.7680156
-0.7342861
-0.6849641
-0.4291239
-0.624052
-0.6496694
-0.73429
-0.6994914
-0.6756443
-0.7335484
-0.7937186
-0.6832679
-0.7208831
-0.6885191
-0.7313792
-0.8170418
-0.6885573
-0.7764077
-0.7347116
-0.6677718
-0.7691768
-0.2591655
-0.475803
-0.6906546
-0.653999
-0.7121445
-0.709226
-0.5699972
-0.6484567
-0.6081526
-0.713358
-0.5614218
-0.647792
-0.7482995
-0.8054311
-0.7239152
-0.6701464
-0.7292863
-0.6659111
-0.4639869
-0.7024943
-0.6206517
-0.5655408
-0.4112774
-0.6871403
-0.6720376
-0.7322703
-0.7094145
-0.7314605
-0.7244037
-0.7658537
-0.7224892
-0.7215921
-0.6906263
-0.5646846
-0.6476679
-0.7804757
-0.6153576
-0.7582198
-0.7454349
-0.7190492
-0.61074
0.06829403
-0.4635514
-0.7314276
-0.7247599
-0.7030287
-0.667792
-0.7219822
-0.7089947
-0.719584
-0.7047163
-0.7197933
-0.7260553
-0.7432142
-0.8116694
-0.7685921
-0.689525
-0.6756905
-0.7057146
-0.6946877
-0.3274489
-0.7296304
-0.6040413
-0.6794321
-0.4296398
-0.7298143
-0.6214985
-0.7172287
-0.7502295
-0.7266647
-0.7153467
-0.732241
-0.7475892
-0.7938677
-0.7411445
-0.6873078
-0.7482272
-0.5671526
-0.6567737
-0.5955622
-0.7348815
-0.6805602
-0.6993631
-0.5576056
0.08662695
-0.6479406
-0.5795791
-0.7005345
-0.7019507
-0.5448686
-0.7793889
-0.7116505
-0.7264146
-0.6580132
-0.7510468
-0.7199981
-0.699303
-0.2337803
-0.672819
-0.7032025
-0.719438
-0.6954125
-0.4981883
-0.652592
-0.411749
-0.6615995
-0.7118257
-0.1970612
-0.727979
-0.4967591
-0.77405
-0.7390482
-0.7748979
-0.6891619
-0.6027761
-0.6081229
-0.6288253
-0.5985547
-0.7551022
-0.6695273
-0.6275199
-0.7262411
-0.7411481
-0.7097146
-0.6768522
-0.6885695
-0.7672602
-0.5727479
-0.7063857
-0.7322282
-0.6303173
-0.692444
-0.718286
-0.470037
-0.6706119
-0.6574962
-0.6825278
-0.7338222
-0.7243661
-0.7435672
-0.7080963
-0.7314525
-0.7283267
-0.7247446
-0.7040209
-0.7465096
-0.7061104
-0.6760014
-0.7069587
-0.7199979
-0.6968117
-0.6755204
-0.6721421
-0.723502
-0.6522846
-0.7245793
-0.4634461
-0.4904785
-0.6724257
-0.7254039
-0.7036272
-0.6940925
-0.7401352
-0.6053074
-0.7129843
-0.5459004
-0.7350142
-0.6503256
-0.7339861
-0.6374485
-0.7298143
-0.3768386
-0.7144598
-0.6179544
-0.5956469
-0.2524744
-0.6975353
-0.2527173
-0.3914914
-0.6452344
-0.7331058
-0.6191992
-0.7014263
-0.6830608
-0.7566232
-0.7314276
-0.7298992
-0.5069173
-0.6613099
-0.568905
-0.7117097
-0.7219998
-0.729297
-0.5340359
-0.6993466
-0.4844901
-0.7702028
-0.6389858
-0.650281
-0.561797
0.1052255
0.2017729
-0.6992028
-0.6691084
-0.7972814
-0.7645232
-0.7173913
-0.7517009
-0.6752276
-0.5077388
-0.7624786
-0.3250556
-0.5640534
-0.5329879
-0.6232533
-0.6754274
-0.6443695
-0.3730808
-0.674778
-0.5480782
-0.5118497
-0.4115172
-0.711924
-0.6499327
-0.6779404
-0.6542866
-0.7302848
-0.6807665
-0.02118315
-0.7339046
-0.719622
-0.6637685
-0.7562383
-0.5703877
-0.7704242
-0.2702909
-0.5885058
-0.7218939
-0.6725513
-0.7780167
-0.7262594
-0.684571
-0.6588175
-0.7021721
-0.5416703
-0.5913895
-0.7324796
-0.259877
-0.6400005
-0.6329113
-0.6718087
-0.7269418
-0.7373281
-0.7248954
-0.721821
-0.3979165
-0.7318782
-0.6999851
-0.7303578
-0.7406451
-0.6577469
-0.6393285
-0.705732
-0.7274418
-0.5570523
-0.4680008
-0.7786484
-0.704675
-0.6326572
-0.623729
-0.6577924
-0.2884433
-0.4648845
-0.5691765
-0.4228082
-0.7287687
-0.6156828
-0.7521737
-0.5781544
-0.6276697
-0.4413817
-0.678255
-0.7172017
-0.5435107
-0.4868321
-0.7271254
-0.8103876
-0.7220788
-0.5929993
-0.6251858
-0.6980304
-0.6857125
-0.6966621
-0.8011082
-0.7438427
-0.6744241
-0.6775009
-0.6585721
-0.2880197
-0.6063769
-0.7311408
-0.6892836
-0.7269418
-0.5078714
-0.7213619
-0.7120602
-0.7482371
-0.5979158
-0.3733297
-0.6905863
-0.7313949
-0.3969874
-0.7326002
-0.6387436
-0.7314813
-0.527668
-0.6767473
-0.4907285
-0.3829515
-0.6446955
-0.7207124
-0.7388971
-0.6508906
-0.6357626
-0.618264
-0.6745604
-0.6257422
-0.7338664
-0.575985
-0.7021872
-0.7214779
-0.7261353
-0.7137399
-0.6194731
-0.5823097
-0.6436494
-0.456191
-0.7791077
-0.7357147
-0.8218578
-0.492088
-0.6254978
-0.6134252
-0.76223
-0.5765107
-0.6483031
-0.7257132
-0.7037643
-0.7297605
-0.5834678
-0.4473901
-0.6112961
-0.7122234
-0.7290981
-0.3105353
-0.5359705
-0.6297078
-0.27437
-0.5793555
-0.6750935
-0.259084
-0.7335297
-0.3167481
-0.7497584
-0.731472
-0.4903483
-0.4126981
-0.1524208
0.07142857
-0.458185
-0.7365684
-0.729
-0.7040998
-0.7223952
-0.6642829
-0.8258061
-0.6714265
-0.5430253
-0.6842777
-0.6130767
-0.6298504
-0.5510206
-0.6374484
-0.6780956
-0.7465888
-0.6438094
-0.4926862
-0.4502824
-0.5937738
-0.6757812
-0.6885855
-0.6009517
-0.7260718
-0.6217889
-0.6917586
-0.605507
-0.7028612
-0.6218986
-0.5920649
-0.5934449
-0.6156779
-0.61304
-0.7288653
-0.7030452
-0.430198
-0.4915181
-0.5878401
-0.7034517
-0.733276
-0.6378935
-0.5935711
-0.07284812
-0.720982
-0.6233733
-0.6784983
-0.6341927
-0.6402786
-0.6353613
-0.6492896
-0.05620214
0.324253
0.07714279
-0.390846
-0.5260749
-0.6816112
-0.7243799
-0.6829317
-0.664762
-0.6401434
-0.5630135
-0.712855
-0.6104993
-0.7525663
-0.6444575
-0.7094011
-0.7518131
-0.6625445
-0.6257136
-0.4224496
-0.4966961
-0.5892835
-0.4213222
-0.4465012
-0.69681
-0.1428809
-0.4120955
-0.7269418
-0.7212691
-0.4445973
-0.5907134
-0.7316299
-0.6884754
-0.6476449
-0.7132145
-0.5488237
-0.3291437
-0.4135717
-0.6359522
-0.7109135
-0.7125344
-0.7052472
-0.3940211
-0.7028563
-0.6100485
-0.7092627
-0.2297164
-0.689009
-0.6636884
-0.4565127
-0.7060132
-0.7234623
-0.6840816
-0.5796605
-0.7224441
-0.5194607
-0.7322748
-0.6881319
-0.6819071
-0.4314569
-0.7313671
-0.6305353
-0.7075804
-0.5380947
-0.5850254
-0.7457145
-0.7278032
-0.7399492
-0.5277007
-0.6557058
-0.683011
-0.6371417
-0.6574414
-0.7759774
-0.6080742
-0.7318422
-0.4980471
-0.4026968
-0.567293
-0.2166932
-0.727999
-0.6955081
-0.7178191
-0.6277535
-0.6739009
-0.6302854
-0.6829695
-0.621293
-0.6101399
-0.6295918
-0.7278032
-0.7314276
-0.3959262
-0.5610449
-0.3296817
-0.4777522
-0.3682932
-0.4046891
-0.4491368
-0.7315593
-0.6140031
-0.6734871
-0.6945444
-0.4391649
-0.7555889
-0.7285717
-0.6191071
-0.6190427
-0.6346005
-0.7328575
-0.4919447
-0.5553317
-0.6760449
-0.4065233
-0.4915404
-0.3285227
-0.4606134
-0.7219027
-0.6106178
-0.6599374
-0.6662456
-0.2959696
-0.4532297
-0.7266647
-0.5798902
-0.7037035
-0.2803591
-0.5672484
-0.368002
-0.4752895
-0.5814765
-0.5890046
-0.6543183
-0.5709563
-0.3176323
-0.593509
-0.4740627
-0.5761043
-0.1267142
-0.1984126
-0.3545899
-0.6934839
-0.5936114
-0.6179394
-0.7391063
-0.731402
-0.7434302
-0.4270875
-0.5836394
-0.7238086
-0.7314525
-0.7125344
-0.6699089
-0.5660537
-0.06498105
-0.4906079
-0.7247046
-0.6718044
-0.5708781
-0.4622477
-0.7380959
-0.6640188
-0.5067261
-0.1947821
-0.5096685
-0.480477
-0.7087727
-0.5886365
-0.5215263
-0.6305763
-0.687912
-0.6793029
-0.700764
-0.3552926
-0.2121552
-0.5820465
-0.3258497
-0.7314605
-0.7215562
-0.7254439
-0.7177338
-0.7719061
-0.212799
-0.4948415
-0.7285717
-0.5666668
-0.7277737
-0.6899135
-0.5955169
-0.7208831
-0.6419817
-0.6006553
-0.1617539
-0.3867224
-0.6221154
-0.7314276
-0.7196999
-0.630359
-0.5574704
-0.4922686
-0.1944628
-0.7529543
-0.61852
-0.5244079
-0.6502831
-0.6731331
-0.5730903
-0.5246623
-0.5154167
-0.709702
-0.7114296
-0.6223183
-0.5591221
-0.6928836
-0.541715
-0.7200251
-0.6512714
-0.6234714
-0.3289675
-0.4578536
-0.6768319
-0.35438
-0.6780341
-0.7460321
-0.7894896
-0.598447
-0.06142876
-0.4614495
-0.6075863
-0.1751343
-0.4971436
-0.5712353
-0.6319633
-0.7906933
-0.6231506
-0.675885
-0.4468383
-0.5544347
-0.646791
-0.7648668
-0.5887855
-0.6171436
-0.5837902
-0.7328041
-0.6576853
-0.6827741
-0.5940077
-0.5098146
-0.678448
-0.3820935
-0.3134741
-0.6570281
-0.4744278
-0.7005702
-0.6986187
-0.3421856
0.4374179
0.1545668
-0.1756659
-0.4765694
-0.6737933
-0.07436437
-0.6826493
-0.2689213
0.3946981
-0.3322352
-0.6860995
-0.5411564
-0.1838678
-0.4153752
-0.6848573
-0.6628103
-0.0853989
-0.575721
-0.6982
-0.6762727
-0.5447791
-0.5938017
-0.7138835
-0.4160796
-0.5661142
-0.6093725
-0.4385466
-0.5893222
-0.6194357
-0.6053838
-0.6776249
-0.152079
-0.4955968
-0.6145797
-0.6708564
-0.330121
-0.5531439
-0.727999
-0.625918
-0.4542638
-0.3681937
-0.2096847
-0.2945053
-0.4580416
-0.6250765
-0.6747395
-0.003020998
-0.7459985
-0.6418066
-0.6406885
-0.3169601
0.6021025
-0.1559852
0.09792549
-0.201636
-0.3912599
-0.5719206
-0.5708859
-0.5470088
-0.5201102
-0.3428876
-0.5760891
-0.6706901
-0.4048948
-0.4303874
-0.3462926
-0.2253983
-0.4107934
-0.298313
-0.4766091
-0.4688897
-0.44332
-0.7355952
-0.6255106
-0.05620214
0.5210872
-0.4153131
0.07587887
0.5488312
0.1492047
0.2285718
-0.3379506
-0.6078678
-0.6210794
-0.7628586
-0.4025116
-0.2737853
-0.4538456
-0.6440277
-0.6381244
-0.07667298
0.07756418
-0.08343346
-0.3004237
-0.5744058
-0.7049634
-0.5377357
-0.3121519
-0.7329382
-0.6305186
-0.6591827
-0.5493399
-0.3432935
-0.4265453
-0.6477992
-0.7533239
-0.5205999
-0.06972647
0.3960754
0.3301599
-0.6150056
-0.6888821
-0.6232584
-0.7235224
0.2300343
0.5355845
-0.1723764
-0.6587679
-0.6708564
0.5323607
0.330097
-0.5442037
-0.5570502
0.2406593
-0.1108712
-0.3797478
-0.664224
-0.6862381
-0.4940324
0.2267318
-0.02018486
0.09837566
0.3319125
0.7273002
0.06707401
0.3190989
0.248932
0.5439574
-0.05599787
0.253477
0.6969869
0.3692317
-0.25932
-0.2063335
-0.236
0.2637933
-0.004199917
0.1621034
0.06505372
0.594563
-0.5379862
0.1958078
0.08116085
0.2174355
0.4292056
0.1010814
0.2377552
-0.181981
-0.6048951
-0.2846415
0.515141
0.549289
0.6014096
0.4294744
0.2613374
-0.7114266
-0.5153459
-0.09751713
-0.0898326
-0.3266863
-0.1323229
0.2933769
0.09748601
-0.4731665
-0.731402
-0.2989452
-0.1959406
-0.2895555
0.197557
0.3821081
-0.1813802
0.03814533
0.1831086
0.163587
0.4691367
0.1358808
-0.7302848
-0.6764264
-0.0523603
0.4443315
0.3968827
0.3364228
-0.7132145
0.1902749
0.373529
0.3284585
-0.1151337
0.1944037
0.6771706
0.7758763
0.8009014
-0.2748664
-0.4776872
-0.2358062
-0.2369522
0.08103963
-0.2639127
-0.08842454
-0.02990488
-0.1011107
0.09224837
0.07665792
-0.5301646
0.07165243
0.7009961
0.8120955
0.4478389
0.524216
0.6021213
0.2386543
-0.3513941
-0.280095
-0.7231737
0.03031467
0.1669517
0.4346678
0.4751028
0.4522862
0.5048065
0.5046681
0.3190314
0.6179463
0.718942
0.4649071
0.3977136
0.3832351
0.4862314
0.5251701
0.005904444
0.4890524
0.3381723
0.7218823
0.2646632
0.4945523
-0.1787146
-0.3112242
-0.08071417
-0.5054947
-0.03478995
-0.5819038
-0.165251
0.5345472
0.3869728
0.6929589
0.4197485
0.452558
-0.5224635
-0.2703137
-0.07062507
-0.3079929
-0.09639185
0.7298672
0.5754486
-0.005469923
-0.5065237
-0.1382548
0.5745077
0.5874266
0.269618
0.4715592
0.4257603
-0.1842135
0.2100263
-0.1942781
0.2230403
0.6325653
0.5270006
-0.7221409
-0.5729524
-0.6365269
-0.5404097
-0.5061528
-0.4522977
0.09258604
-0.1937991
0.2524255
-0.2953969
0.3396476
0.5406497
0.7355698
0.3621415
0.3139429
0.2780711
-0.6307526
-0.6719993
-0.2694774
-0.2388846
-0.1743274
0.06642369
0.04798666
0.6945968
0.4165816
-0.6628348
-0.6804149
0.3214931
-0.02372538
-0.2199876
-0.2195044
-0.7327188
-0.2158589
-0.05494424
-0.2980978
-0.2348866
-0.1309259
-0.2825399
-0.6296239
-0.4150587
-0.6271324
-0.5694814
-0.6109526
-0.5208837
-0.3289809
-0.6167618
-0.07592083
0.186429
-0.1670092
-0.07721004
0.06740953
0.5699874
0.1435981
0.4574484
0.06446757
0.2541647
0.5490929
0.5387821
0.5251483
0.5511886
0.6999504
-0.2334841
-0.2845166
-0.5673457
0.02487982
0.5815026
-0.1834707
0.378965
-0.3823947
0.1651785
-0.4050299
-0.6052118
-0.5360616
0.4755349
0.187459
-0.2152051
0.2795111
-0.3681125
-0.221975
-0.3322539
0.4264677
0.3745862
0.7879934
0.6710775
0.1785883
0.5018364
0.2308574
-0.06650656
0.4410791
0.1436192
-0.1779857
-0.5321258
0.01134354
-0.3649867
-0.4267474
-0.751964
-0.7342861
-0.5690923
-0.6874978
0.24428
0.4259495
0.8260027
0.3313725
0.5984303
0.3267617
-0.1315661
0.5678671
0.3400599
0.08371193
-0.00042145
0.5330245
