2.5
4.275862
7.333333
5.419355
3.681818
7.6
5.414634
3.5
4.966667
4.1
5.380952
6
6.818182
5.425
3.810811
4.391304
5.777778
4.066667
4.277778
4.75
7.5
6.388889
5.266667
5.913043
5.882353
4.08
4.62069
7.642857
2.571429
5.26087
5.296296
5.727273
6
3.896552
6.103448
4.909091
7.133333
3.684211
6.153846
3.913793
6.083333
3.913043
5.630435
4.111111
7.5
4
5.305555
4.785714
3.4
5.210526
4.823529
5
5.814815
3.814815
5.702127
7
4.8
5.896552
4.230769
5.764706
5.176471
5.826087
3.586207
8.5
9
5.761905
5.68421
3.5625
5.272727
4.931035
5.333333
5.333333
5.863636
4.627907
4.75
5
1.727273
5.764706
7
6.71875
4.454545
3.727273
5.196429
6.076923
6
4.6
5.235294
4
3.457143
5
4.117647
1.615385
4.235294
4.121951
4.476191
4.882353
4.119048
5.333333
3.666667
7.571429
2.882353
5.307693
6.076923
4.5
4.6
4.18
5.333333
5.916667
5.02
4.595238
4.411765
4.6875
5.361111
4.3
1.923077
7.027778
7.615385
5.078948
5.148148
4.575758
4.333333
4.076923
5.263158
2.444444
4.428571
6.333333
4.375
8.076923
6.148148
4
5.792453
3.193548
5.241379
4.714286
5.185185
6
5.586207
9
4.745098
5.823529
5.580645
4.529412
5.319149
3.047619
3.704545
3.461539
6.3125
5
5.03125
3.5
7
2.6
6.421052
4.592593
4.666667
4.111111
5.15625
2.979592
4
6.129032
4.285714
6
4.333333
2.5
4.625
5.621622
9
2
4.714286
3.818182
4.555555
3.25
8.428572
5.9
4.6
4.615385
4.466667
4.2
4.222222
3.392857
5.75
4.863636
4.151515
5.285714
4.290323
4.764706
4.555555
7
4.613636
4.142857
3.823529
4.045455
4.636364
4.136364
2.4
6
3.604651
3.285714
5
3.913043
6.272727
3
7.928571
5.129032
4.533333
5.26087
4.851852
6.6
4.962963
4
5.512821
4.245098
3.138889
5
4.790698
6.125
4.857143
5.214286
5.666667
4.333333
5.105263
3.333333
5.823529
3.973684
3.785714
6.2
2.333333
3
6.285714
7.2
4.75
5.5
3.777778
3
8.5
3.439024
5
3.903226
5.761905
3.210526
4.5
5.076923
4.159091
3.846154
6.138889
6.066667
3.555556
5.028572
4.227273
6.208333
4.111111
7.363636
5.785714
5.4
6.333333
4.230769
4
3.0625
1.8
7.125
4.72
6.333333
6.333333
2.333333
6.619048
4.78125
4.571429
4.5
6.272727
3.2
3.444444
2.96
5.555555
4.059701
7
4.516129
4.761905
2.117647
5.5
5
2.692308
1.5
4.961538
5.789474
4.818182
5.571429
5.461538
6.5
4.62069
5.434783
4.333333
4.2
4.8
5.647059
4.416667
4.166667
3.966667
5.285714
7.416667
5.588235
3.471698
4.142857
4.923077
8.26087
5
6.197369
4.962963
4.823529
3.551724
3.071429
4
6.269231
5.058824
4.666667
5
3.722222
4.333333
3.333333
5.777778
5.875
3
4.390244
4.96
3.733333
4.647059
5.782609
2.625
5.923077
4.657895
4.929577
4.222222
5
4
5.444445
2.942857
4.121212
4.117647
4.685185
4.594594
3.125
4.08
5.6
6
3.561644
5.25
2
5.538462
3.764706
3.866667
4.5
4.62963
5.75
4.095238
3.365854
4.888889
4.5
4.692307
4.924528
4.510638
2.8
6.954545
4.75
4.75
5.857143
4.222222
7.625
3.725
4.018518
3.117647
5.666667
4.555555
4.514706
4.769231
5
4.954545
4.514286
3.9
4.7
5
3.532258
4.545455
4.555555
3.8
5
4.576923
5.225806
5
4.647059
4.057143
6.111111
3.434783
1.761905
4.157895
3.938776
2.517241
3.173913
3.45946
5.590909
6.3
3.380952
4
3.785714
4.18421
4.03125
2
4.625
3.636364
5
6.470588
5
2.923077
4
3.59375
4.428571
4.083333
3.625
5.285714
6
3
4.6
3.615385
3.2
6.5
4.470588
2.923077
3.333333
3
4.92
4.8
5.375
5.571429
7
5.333333
6
6.333333
4.433333
6.318182
4
4.692307
4.957447
4.1
3.636364
2.233333
6.24
4.714286
2.538461
6.357143
4.225
4.529412
5
4.461538
1.166667
5.25
3.846154
4.333333
3.816901
2.702703
6.5
4.90625
5.375
4.604651
5
6.217391
4.2
3.571429
4.027027
2.5
2.777778
4.2
4
3.885714
2.473684
6.2
4.263158
5.933333
5
5.184616
3.545455
4.375
4.55
6.647059
5.031746
6
4.052631
2.882353
5.294117
3.850746
4.0625
5.058824
5.571429
4.166667
3.5
5.5625
4.058824
4.537037
3.55
3.136364
6.75
5.5
4.384615
4
4.210526
3.52459
5
2.454545
6.5
4.325
4.323529
5.538462
4.193548
4.6
3.409091
2.875
3.6875
4.082192
3.926829
5.357143
4.0625
3.8
2.871795
4.8
3.735294
3.388889
4.455883
5.666667
4.285714
2.5
5.173913
4.55
6.705883
2
3
5.545455
5.888889
4.764706
4.266667
2.666667
4.333333
6.25
5.666667
3
4.818182
7.538462
5.333333
4.647059
2.5
3.809524
4.285714
2.909091
4.022222
4.75
3.976191
6.476191
8
4.609375
6.333333
7.333333
2.823529
3
6.146341
3.4375
2.619048
4.235294
4.941176
3.85
6
4.37037
5.619048
3.5
4.48
5.476191
3.6
5.5
3.857143
2.24
6.066667
6.151515
3.428571
4.384615
5.928571
4.322034
3.653333
4.666667
4
5.119048
3.454545
2
3.791667
4.117647
4.166667
4.242424
4.32653
4.058824
4.769231
3.3
4.803571
3.323529
3.645161
5.5
4.555555
3.5
3.75
4.327586
5.571429
6
4.907407
2.142857
4.897959
6.277778
4.607143
3.770833
6.305555
4.473684
4.8
4.833333
4.5
4.923077
4.204082
7.5
6.384615
4.615385
2.736842
4.473684
4.045455
2.914894
4.277778
5.444445
4.914634
4.08
4.7
3.4
4
4.142857
2.952381
4.548387
2.888889
4.27451
2.953488
3.241379
3.685714
5.5
3.074074
5.185185
6.307693
6.653846
6.222222
3.933333
4.707317
1.666667
3.6
4.809524
4.842105
4.882353
4.380952
3.777778
5
7.117647
4.479452
4.244444
4.694915
5.066667
3.925
6.615385
3.439024
2.6875
5.3
3.386364
3.625
5.5
3.705882
3.705882
4.588235
3.742857
4.230769
4.277778
4.703704
8
4.307693
5.892857
6.846154
3.375
4.75
7.941176
4.953488
5
4.704545
3.78125
3.732143
3.75
5
4.863636
5.166667
5.75
4.692307
4.904762
5.461538
4.933333
4.52
5.233333
3.454545
6.076923
4.494845
4.947369
3.875
4.947369
4
3.531915
4.333333
5.413793
4
3
4.68
4.4
4.361111
4.692307
3.487805
8
2.863636
4.842105
4.22807
5
4.269841
4.439024
4.232558
5.789474
4.207547
3.846154
4.75
6
5.666667
4.266667
5.6
4.45
4.973684
4.333333
6.541667
6
4.827586
5.2
8
4.148148
2.666667
6
6
3.5
3.064516
4.242424
5.666667
5.944445
2.909091
4.125
5.25
4.526316
4
5.5
5.253521
3.65
4.661017
8
5.73913
3
3.711864
4
5.333333
5.086957
5.888889
5.3
4.142857
6.225806
7
5.071429
4.577465
5
4.461538
4.9375
5.1875
3.916667
4.57971
4.903846
5.5
4.458333
4.894737
5.133333
4
6.791667
4.333333
5.0625
3.916667
3
7.111111
4.59375
4.448276
3.666667
3.44
5.692307
4.510204
7.37037
4.769231
3.857143
3.275862
4.869565
4.933333
2.666667
3.857143
5
3.666667
6
6.588235
4.857143
4.909091
3.777778
3.75
5.585366
6.666667
5.28
4.557377
3.647059
3.722892
6.8
4.25
6
5.263158
5.086957
4.333333
4.428571
4.277778
7
5.555555
2.904762
5.047619
7.076923
4.571429
5.333333
6
4.277778
3.611111
4.155172
5.314286
2.875
5.2
4.092593
4.263158
3.047619
5.611111
5
4.285714
5
5.545455
5
5.27027
6.5
5.157895
4.393259
4.254546
3.794872
4.5
5.166667
5.277778
1
5
7
5.666667
4.166667
4.272727
5.322581
3.833333
3.6
5
7.125
9
5.5
5.4
4.541667
5
2.538461
3.729167
6.636364
4.529412
2.7
6
3.6875
6
5.590909
3.588235
7
4.627907
3.413793
5.473684
3.428571
5.076923
3.2
4.818182
4.346154
5.436364
6.5625
2.409091
3.586207
5.307693
5.147059
2.885714
4.767442
4.5
5
7.333333
6.625
3.333333
5
6.04
5.333333
6.25
6.125
4.916667
5.296296
4.67347
6.054054
4.333333
4.133333
4.666667
6
5.695652
4.727273
7.5
4.625
4.583333
4.603774
5.090909
5.897436
4.78125
4.62963
5
4.469388
3.888889
6.057143
7.8
5.541667
3.8
6.227273
7
4.595745
4.06383
6
3.423077
3.733333
5.129032
5.076923
2.666667
4.7
7.5
3.727273
6.933333
4.2
4.083333
4.766667
4.96
7.833333
6.666667
5.735294
4.833333
4.969697
3.896552
7.153846
4.5
4.5
4.129032
5.333333
4.368421
4.967742
6.096774
4.5
5.142857
4
6.052631
6.5
4.85
2
6
5.064516
5.238095
5.674418
2.928571
5.869565
3
2
5.148148
4.692307
5.814815
8
4.488889
4
2.555556
4.580645
4.888889
7.111111
4.714286
5.2
4.060606
5.818182
4.6
4.12
7
4.424242
3.460317
6
4.833333
5.333333
8.384615
3.483871
5.807693
5.212121
4.875
6.882353
4.16
6.5
3.6
3.333333
7.444445
4.368421
4.921052
4.714286
4.154762
5.744186
4.571429
6.846154
5.153846
5.482759
3.666667
2.318182
5
7
5.1
5.266667
6.078948
3
5.111111
2.64
7
5.461538
5.388889
4.066667
6.727273
4.72973
4.666667
6.923077
4.347826
5.828571
3.857143
4.461538
2.866667
3.352941
3.722222
4.25
5.545455
6.538462
4.883117
3
5.047619
3.111111
5.057143
6.6
6.533333
3.235294
7.555555
6.222222
4
5.651163
3.714286
3
5.818182
6
7.064516
3
6
5.666667
3.4
3.021739
3.534247
4.5
6.387097
3.571429
6.285714
5.095238
3.939394
6.181818
3
4.518518
4.6
7
8.6
5.382353
5
5.851852
5.039216
5.577778
6.131579
5.96
4.176471
4.208333
1.444444
4.547619
6.419355
9
3.545455
5.5
5.111111
6.2
5.782609
3.333333
5.719101
5.631579
5
5.62963
6.368421
4.407407
4.291667
4.982456
5.846154
3.333333
4.2
3.928571
5.517241
5
4.272727
5.090909
5.526316
5
4.56
4.25
8
4.166667
4.982143
4.686275
8
4.523809
4.614035
4.105263
3.625
2.692308
5.666667
3.538461
4.933333
6.035714
6.5
5
3
5
4.276596
5.041667
4.75
3.5
2.2
3.72973
5.944445
4.5
5.111111
5.238095
4.777778
6.521739
5
5.25
4.113636
5.102564
5.56
4.658536
4.357143
5.125
6
5.2
5.45
3.928571
4.5
5.181818
7.666667
3.894737
6.75
4.304348
7.5
4.741379
3.627907
4.980392
8
4.181818
5.574074
5.72093
6.85
5.125
4.296296
4.869565
3.75
4.744681
4.25
2.666667
3.852941
6.6
5.16129
5.76087
5.388889
4.461538
4.842105
3.9
5.48
3.678571
4.5
7.461538
4.95
7.277778
4
6.666667
7.473684
3.052632
5.590909
5.457627
6.5
4.222222
6.333333
7.5
4.425532
6.894737
5.294117
6.363636
4
4.441861
5.545455
2.7
2
5
3.714286
9
5
3.78
4.222222
5.5
5.846154
4.75
4.428571
4.724138
5.107143
6.2
5.869565
4
3.666667
5
4.333333
4.6
2.6
5.333333
5
5
7.555555
5.428571
4
4.192307
5
6.22
2
5.5
4.5
4.666667
6.4
3.854839
2.25
5.923077
5.09375
4.698413
7.5
5.4
7.423077
3.578947
2.333333
4
5
4.625
3.45946
6.295455
5.307693
3.690476
4.04
4.633803
4.705883
4.4
5
4.941176
2.5
5.692307
3
4.885246
5.222222
4.918919
5.822222
4
6.095238
7.769231
6.909091
5.551724
6.8
6.012346
4.882353
4.181818
4.431818
5.222222
5.272727
6
4.974359
3.833333
5.434783
3.166667
3.955224
4.740741
5.333333
4.888889
7.2
4.936508
5.18421
4.347826
2.666667
6.5
5.043478
4.3125
4.785714
8.5
5.555555
4.62069
4.924528
4.827586
4.757143
2.111111
4.4
4.381818
6
4.875
4.75
5.647059
6.2
5.52
5.4
4
6.904762
3
5.5
8
6.5
3.880952
3.5
7
6.4
6.888889
5.4
4.518518
6.444445
5.571429
6
2.5
4.888889
4.461538
5.864865
4.222222
4.477273
5.285714
3.476191
3.448276
4.54
5.666667
3.962963
5.421052
6.923077
3.5
2.444444
4.5
5.5
4.222222
5.794117
6.6
5.25
4.2
3.344828
5.057143
2.5
5.333333
4.485714
3.833333
3.166667
3.236364
4
4.30597
6.411765
4
6.666667
3.425532
5.153846
5.647059
4.721154
4.166667
4.561539
2.894737
4.117647
5.470588
4.115385
5
5.48
5.473684
4
5.111111
7
6
5.8
3.428571
5.272727
4.4
2.555556
5.923077
4.24
5.681818
4.5
5
4.666667
4.171052
4.235294
5.5
5.782609
5.142857
4.666667
5
6.294117
4.738095
3.941176
4.153846
5.689655
9
3.333333
5.25
4.261905
3.5
2.8
3
1.666667
5.194805
4.384615
4.930233
4.428571
3.636364
5.525
4.685714
4.777778
5
5.777778
4.38
5
5
3.923077
4
3.5
3.714286
5.295774
5.682927
4.764706
4.166667
7.941176
5.333333
3.185185
6.736842
7.555555
3.957447
6
4.686747
5.209302
3.5
3.916667
4.904762
8
8
5.485714
4.7
5.772727
5.5625
4.307693
4.222222
6
7.333333
5
4.444445
3.432432
9
8
4.555555
5
6.5
5.894737
5
4.636364
6.894737
4.571429
5.123077
5.287879
3.903846
3.65
3.230769
4.733333
5.375
6.017544
4.283784
4.020408
4.225
5.25
5.28
5.137931
3.205882
5.076923
5.476191
4.833333
5.507463
6.111111
4.727273
3.047619
4.653846
7
2.428571
6.111111
6
5.588235
3.042553
4.222222
4.5
6.090909
3.071429
4.723404
4.072464
5
3.677419
5.085106
4.060606
5.367347
4.545455
5.777778
3.892857
3.777778
4.697674
5
4.641026
7.142857
5
5.8
4.333333
3.5
4.596154
4.403226
6
6.2
6.272727
6
3
3
3.666667
4.3125
4.375
5.015625
5.083333
3.703704
3
2.933333
5.111111
9
3.590909
4.818182
3.25
4.789474
4.946667
4.615385
5
4.333333
4.387755
4.5
5.3
5.823529
4.976744
5.666667
4.290323
4.5
5.923077
7
3.864078
5
4.877193
5.06383
5.529412
5.611111
6
5.282828
6.372881
6.677419
4
4.230769
5.842105
4.621622
5.113207
4.888889
4.31579
5.512195
3
5
6.030303
3.444444
4.647059
7.111111
5.692307
4.470588
2.538461
7.5
5.6
5
4.988095
3.30303
3
7.333333
4.758621
3.7
4.333333
5.5
4
5.576923
6.692307
3.760417
5.571429
1
5.714286
4.166667
5.338235
6.285714
6
5.115385
6
3.444444
4
4.53125
5.24
3.761905
4.555555
5
3.555556
5.872727
4.522522
7
4.772727
4.714286
4.211382
4.666667
4.848485
5.48
6.885714
4.5
5.558139
4.142857
9
7
4.163522
4.944445
4.6
4.134328
5.190476
5.680851
7.093023
8
5.318182
5.230769
5.566667
5.287129
4.304348
6.5
3
4.25
5.209302
6
4.25
4.741379
6
4.914286
4.1
4.103448
6.090909
5.464789
5
4
7
4.769231
4.277778
5.709677
5.333333
4.365854
4.2
6.333333
5.1
5.461538
4.5
5.034483
6.038462
3.666667
3.25
5.283582
5.5
7.333333
6
5.328571
6.944445
5.471698
4.285714
5.307693
5.060606
6
3.731343
4.25
4.38
6.65
8
4.775
3.850877
4.888889
3.847458
4.833333
3.804878
8
8
5
4.891892
8.277778
4.894737
5.157895
5.464286
4.153846
4.461538
4.724638
4.946429
2.666667
4.54
5.074627
2.777778
5.348684
5.037383
4.407407
6.2
5.244444
5.341464
5.452381
5.5
4.191919
8
4.970874
4
6.076923
4.818182
6
3.090909
4.032258
6.03125
5.333333
5.197369
4.460526
5.5
5.104167
5.146789
6.5
5.864865
4.956938
5.64
5.104167
4.115385
2
4
3.461539
6
6.666667
6
6.8
4.872549
4
3.5
5.39759
5.111111
6
5.5
4.674418
7.5
6.777778
4.263158
3.6
3.555556
4.688889
5
8.066667
4.08
6.652174
4.672414
6.674418
4.538462
5.476191
4.043478
3.904762
4.411765
5.055555
5
4.689655
4.447917
5.797468
2.428571
4.025316
4.820513
3.25
5.666667
7
5.375
2.923077
5.040404
3
6
2
4
7
7.153846
4.756757
3.953488
4.284483
5.666667
4.055555
4
4.644068
8.5
5.307017
3.428571
4.441176
8
5
4.12766
5.246377
4.666667
5.869565
7.266667
4.689075
5.08421
4.268293
3.68
8
2.5
8
4.972973
6.409091
4.857143
3.16
6.211267
4.333333
5.615385
4.794872
7
3.424242
5.130435
6.28125
4.406061
3.5
4.497436
5.363636
4.040816
4.782609
4.764706
4.607143
6
5.54945
4.783333
5.457831
4.403509
5.5
4.888
4.414634
5.323944
3
6.5
7.5
9
4.846154
5.742857
5.898305
4.888889
4.735294
5.71875
6.057143
5.316832
3.37931
4.384615
5
4.505376
4.523809
7
4.538462
4.461538
4.78
4.575758
3.952381
5.806452
5.177778
4.9
5.5
5.026316
5.355769
5.644444
4.416667
5
5
5.542373
4.758621
5.25
4.76087
5.097826
7.2
5.305555
5.238095
8.5
5.276596
5.153846
5
6.333333
5.529412
4.088235
4.857143
6.076923
4.876712
5.393939
5.173077
5
5.211538
6.023809
3.547619
3.9375
5.821782
3.897059
5.047619
4.5
5.601942
5.72549
3.27027
4.629921
4.044776
4.422535
5.571429
3.914894
4.714286
3.5
4
3.891892
5.210526
6.476191
4.948718
4.375
4.304348
4.990566
5.026316
6.214286
3.916667
5.523809
4.669231
4.692307
5.473684
7.538462
5.106383
5.636364
5
6.772727
5.157025
4
5.772727
9
5
3.333333
2.12
5.207792
4.780347
5.230769
4.584746
7.08
5.632
4.25
4.78125
4.029412
5.107143
3.565217
4.603961
